1 1 1 1 1 1 1 1 1 1 1 1 1 1 1
<<<<<<< HEAD
1 1 2 1 1 1 1 1 1 0 1 1 1 1 1
1 0 0 0 0 0 0 0 0 0 0 0 0 0 1
1 0 0 0 4 4 0 0 0 0 1 1 1 0 1
1 0 0 0 1 1 1 1 3 0 0 0 0 0 1
1 1 0 0 1 0 0 0 0 0 1 1 1 1 1
1 1 1 5 1 2 1 1 1 0 0 1 1 1 1
1 1 1 1 2 2 2 2 2 0 0 0 0 0 1 
1 0 0 0 0 1 0 0 0 0 5 1 1 1 1
1 1 0 1 0 5 0 0 1 4 0 0 0 0 1
1 0 0 1 0 0 0 0 1 0 0 0 3 3 3
1 1 1 1 0 1 0 0 1 0 1 1 1 1 1
1 0 0 8 7 1 0 3 0 0 0 0 0 0 1
=======
1 1 4 1 1 1 1 1 1 1 1 1 1 1 1
1 0 0 0 0 0 0 0 0 0 0 0 0 0 1
1 0 0 0 6 6 0 0 0 0 0 0 0 0 1
1 0 0 2 0 0 0 0 5 0 0 0 0 0 1
1 1 0 0 0 0 0 0 0 0 1 1 1 1 1
1 1 1 7 1 4 1 1 1 0 0 1 1 1 1
1 1 1 1 4 4 4 4 4 0 0 0 0 0 1 
1 0 0 0 0 0 0 0 0 0 7 0 0 0 1
1 1 0 0 0 7 0 0 0 6 0 0 0 0 1
1 0 0 0 0 0 0 3 0 0 0 0 5 5 1
1 1 1 1 0 0 0 0 0 0 1 1 1 1 1
1 0 0 0 0 0 0 5 0 0 0 0 0 0 1
>>>>>>> 820babb84e4d09ebab13abda4df0691805fa27f4
1 1 1 1 1 1 1 1 1 1 1 1 1 1 1